CITY


85 0 0 0
85 0 0.075 0
85 (-0.080) (-0.06) 0
85 (0.080) (-0.06) 0
85 (-0.19) 0 0
85 (-0.080) (0.15) 0
85 (0.080) (0.15) 0
85 (0.19) 0 0
85 (-0.080) (-0.18) 0
85 (0.080) (-0.18) 0
85 (-0.16) (-0.21) 0
85 (-0.24) (-0.07) 0
85 (-0.24) (0.06) 0
85 (-0.16) (0.21) 0
85 (-0.04) (0.24) 0
85 (-0.04) (-0.24) 0
85 (0.04) (0.24) 0
85 (0.04) (-0.24) 0
85 (0.16) (-0.21) 0
85 (0.24) (-0.07) 0
85 (0.24) (0.06) 0
85 (0.16) (0.21) 0
85 (0.04) (0.24) 0
85 (0.04) (-0.24) 0


COUNTRYSIDE
-0.3 -0.5 0.0
-0.25 -0.45 0.0
-0.25 -0.55 0.0
-0.35000002 -0.45 0.0
-0.35000002 -0.55 0.0
-0.4 -0.55 0.0
-0.4 -0.45 0.0
-0.20000002 -0.55 0.0
-0.20000002 -0.45 0.0
-0.35000002 -0.61 0.0
-0.35000002 -0.39 0.0
-0.25 -0.61 0.0
-0.25 -0.39 0.0

1 -0.3 0.5 0.0
2 -0.35000002 0.45 0.0
3 -0.35000002 0.55 0.0
4 -0.25 0.55 0.0
5 -0.25 0.45 0.0
6 -0.35000002 0.39 0.0
7 -0.4 0.45 0.0
8 -0.4 0.55 0.0
9 -0.35000002 0.61 0.0
10 -0.25 0.61 0.0
11 -0.20000002 0.55 0.0
12 -0.20000002 0.45 0.0
13 -0.25 0.39 0.0

15 = 15 0.3 0.5 0.0
16 = 16 0.25 0.55 0.0
17 = 17 0.35000002 0.55 0.0
18 = 18 0.35000002 0.45 0.0
19 = 19 0.25 0.45 0.0
20 = 20 0.20000002 0.55 0.0
21 = 21 0.25 0.61 0.0
22 = 22 0.35000002 0.61 0.0
23 = 23 0.4 0.55 0.0
24 = 24 0.4 0.45 0.0
25 = 25 0.35000002 0.39 0.0
26 = 26 0.25 0.39 0.0
27 = 27 0.20000002 0.45 0.0

list_map 28 = Quadrup 28 (0.45) (0.25) 0

list_map 29 = Quadrup 29 0.5 -0.04 0.0
list_map 30 = Quadrup 30 0.5 0.01 0
list_map 31 = Quadrup 31 0.5 (-0.09) 0
list_map 32 = Quadrup 32 0.45 (-0.04) 0.0
list_map 33 = Quadrup 33 0.55 (-0.04) 0.0
list_map 34 = Quadrup 35 0.45 0.070 0.0
list_map 35 = Quadrup 35 0.55 0.07 0.0
list_map 36 = Quadrup 36 0.6 0.01 0.0
list_map 37 = Quadrup 37 0.6 (-0.09) 0.0
list_map 38 = Quadrup 38 0.55 (-0.15) 0.0
list_map 39 = Quadrup 34 0.45 (-0.15) 0.0
list_map 40 = Quadrup 40 0.4 0.01 0.0
list_map 41 = Quadrup 41 0.4 (-0.09) 0.0


-0.5 -4.0e-2 0.0
-0.45 1.0000002e-2 0.0
-0.45 -9.0e-2 0.0
-0.55 1.0000002e-2 0.0
-0.55 -9.0e-2 0.0
-0.6 -9.0e-2 0.0
-0.6 1.0000002e-2 0.0
-0.4 -9.0e-2 0.0
-0.4 1.0000002e-2 0.0
-0.55 -0.15 0.0
-0.55 7.0e-2 0.0
-0.45 -0.15 0.0
-0.45 7.0e-2 0.0

  
COUNTRY